Accuracy on test set: 59.47%
RSME:  0.7052186422190875
MSE:  0.49733333333333335