Accuracy on test set: 70.28%
Mse:  3.9619217081850535
Rmse:  1.9904576629973956