Rmse: 0.6065079234540462
Accuracy: 0.6143750000000001