Rmse: 1.821954238003698
Accuracy: 0.6986038687973088